   5.8872962e-03
   7.3026658e-04
   4.7011048e-04
   2.9004206e-04
   3.0004501e-04
   2.0002000e-04
   1.8001620e-04
   1.6001280e-04
   1.4000980e-04
   1.7001445e-04
   1.2000720e-04
   2.0002000e-04
   1.5001125e-04
   2.0002000e-04
   2.1002205e-04
   3.4005781e-04
   3.7006847e-04
   4.4009683e-04
   7.0024511e-04
   7.5028139e-04
   6.4020489e-04
   6.9023816e-04
   6.7022455e-04
   7.3026658e-04
   7.6028895e-04
   8.5036145e-04
   8.5036145e-04
   9.1041430e-04
   9.3043272e-04
   1.0505516e-03
   1.0705729e-03
   1.1006054e-03
   1.2507819e-03
   1.2007206e-03
   1.3909669e-03
   1.4610668e-03
   1.6313299e-03
   1.7314982e-03
   1.9218456e-03
   2.1523146e-03
   2.0721454e-03
   2.3126722e-03
   2.5733081e-03
   2.8640976e-03
   2.8841552e-03
   3.2653254e-03
   3.3154902e-03
   3.6667142e-03
   3.8775078e-03
   4.0281019e-03
   4.5603828e-03
   4.9421925e-03
   5.1231007e-03
   5.6559649e-03
   5.9778317e-03
   6.9641938e-03
   6.6319428e-03
   7.7398757e-03
   8.3043862e-03
   9.2930469e-03
   1.0242273e-02
   1.0403934e-02
   1.1971372e-02
   1.2781334e-02
   1.4109066e-02
   1.5966794e-02
   1.6851187e-02
   1.8163971e-02
   1.9845628e-02
   2.2030908e-02
   2.3913666e-02
   2.6590412e-02
   2.8965478e-02
   3.1593872e-02
   3.4601797e-02
   3.7452677e-02
   4.1770361e-02
   4.6305753e-02
   5.1524900e-02
   5.8275508e-02
   6.4762546e-02
   7.1238248e-02
   7.9454547e-02
   8.5394503e-02
   9.8649750e-02
   1.1087570e-01
   1.1452460e-01
   1.3366854e-01
   1.4306238e-01
   1.6357831e-01
   1.6562965e-01
   1.9369398e-01
   2.0957354e-01
   2.4444380e-01
   2.5099020e-01
   2.7072008e-01
   2.9391479e-01
   3.1833374e-01
   3.4392796e-01
   3.7061451e-01
   3.9828594e-01
   4.2683687e-01
   4.5611650e-01
   4.8597042e-01
   5.1624026e-01
   5.4674645e-01
   5.7730380e-01
   6.0772206e-01
   6.3782601e-01
   6.6744045e-01
